1.3,109
4.1,110
0.98,120
0.16,110
0.72,70
0.03,141
4.37,78
2.2,115
0.6,132
2.4,93
1.1,121
0.03,153
0.03,151
2.8,107
3.3,119
12,87
1.2,81
1.5,121
6,104
2.1,130
0.1,151
0.8,119
1.9,106
3.1,116
0.2,131
0.03,190
13,92
0.3,110
1.9,106
4.37,102
0.035,76
2.5,92
0.5,98
1.7,90
7.3,61
1.1,94
1.8,129
0.26,95
2.8,91
4.375,110
45,33
5.4,87
0.99,113
0.25,148
1.1,140
0.2,171
0.92,113
4.375,155
0.15,186
0.64,115
0.035,122
1,107
0.4,136
2.5,110
4.375,110
2,111
2.6,97
14.8,72
15,100
19,81
1.8,109
0.02,88
3,67
1,84
2.9,98
1.3,94
4.375,110
3.2,103
0.2,135
9,203
4.375,112
1.3,117
4.375,110
1.6,95
4.3,122
0.005,180
0.31,142
0.5,94
0.61,111
2,145
0.05,156
4.375,102
1.9,97
4.1,102
0.8,121
7.8,96
1.3,121
0.25,134
160,8.9
0.1,60
0.025,139
2,41
4.37,110
1.3,76
0.25,94
2,84
1.5,99
4.3,89
1.4,136
0.3,92
1.3,146
12,122
1.4,106
0.5,124
4.37,110
2.1,111
0.01,105
4.37,85
4.1,104
0.6,157
4.37,88
1.6,143
1.4,92
1.4,71
0.15,221
8.8,131
151,28
0.99,108
0.04,137
3.9,97
0.02,83
9.4,74
7.8,105
1.6,96
0.2,120
13,107
2.7,87
1.1,98
2.6,117
2.3,97
1.6,99
0.25,170
1.8,88
0.8,170
1.3,134
1.6,90
19,65
4.37,101
0.94,110
0.2,104
2.4,113
1.7,112
0.25,98
1.9,81
2.1,97
1.6,93
0.045,102
3.5,92
1.1,109
0.88,127
4.37,110
0.01,274
1.1,115
1.5,99
1.7,87
1.1,154
4.37,100
0.08,141
4.5,131
1.5,114
1.6,112
0.1,130
0.01,131
2.3,106
6,114
0.5,137
0.25,102
1.6,124
0.3,104
2.1,110
0.6,120
3.1,127
0.15,143
0.68,103
1.5,104
3.3,62
1.4,99
0.7,86
0.67,93
1.5,107
0.2,126
2.2,101
2.6,91
1.5,125
27,110
1.5,106
1.3,90
1.2,90
6.1,110
2.1,122
1.3,121
0.1,104
0.5,117
2,124
0.005,99
0.75,126
0.02,119
1.6,92
0.045,64
0.025,104
1,99
1.1,122
2.2,76
1.1,100
4.37,110
1.9,90
0.6,115
4.37,110
4.37,90
0.05,114
4.37,110
0.55,172
1.9,126
26,88
5.2,92
0.77,95
1.8,91
0.07,162
0.9,125
0.25,101
11.4,102
1.4,94
1.1,79
1.1,124
143,72
0.05,110
0.6,96
1.2,117
1.6,113
4.37,110
1.8,100
4.37,110
1.3,118
0.1,71
0.005,117
0.05,155
0.72,127
2.4,73
2.8,96
0.03,172
0.45,71
1.1,108
0.57,112
0.65,115
0.15,152
0.02,163
0.3,149
0.015,96
0.4,118
1.6,102
16,110
1.4,95
2.3,149
1.8,125
4.37,107
2.4,110
1.2,95
1.4,122
1,115
108,14
9,110
4.37,110
0.1,110
2.4,97
0.83,134
2.7,100
9.2,94
3.9,100
4.37,110
1.6,91
2.1,95
0.4,140
5.4,92
0.25,51
4.37,110
0.6,165
1.5,125
1.9,116
1.5,98
2.9,81
4.37,77
2,85
86,32
0.62,106
2,129
0.59,96
3,112
1.9,116
2.9,93
0.08,69
9.1,80
5.9,110
3.3,108
0.25,124
52,71
0.33,153
0.7,110
4.37,70
1.5,113
4.37,72
0.8,100
0.3,96
0.9,100
4.37,110
6.1,95
1.3,121
31,11
4.37,54
1,164
3.1,129
1.5,108
1.1,110
1.9,109
1.4,100
3,118
1,123
0.1,80
2.3,87
0.6,116
1.2,141
5.8,98
2,112
0.28,112
1.8,97
1.5,112
0.005,144
1.6,74
4.37,89
0.1,97
0.25,105
51,10
1,81
6.3,102
4.4,81
2.3,144
0.4,117
4.37,100
4.5,84
0.08,214
4.37,95
0.25,140
4.37,109
4.37,110
0.2,200
1.3,132
1.8,120
9.6,80
0.5,129
0.25,101
3.4,93
0.08,74
1.5,127
0.09,79
1.1,116
0.4,106
1.5,132
2.9,118
0.04,160
0.62,96
2.3,94
2.3,105
2.5,97
0.6,102
0.5,97
4.37,105
3.1,97
0.5,92
5.2,110
24,53
4.37,110
0.76,143
42,16
0.03,149
3.2,86
12,98
25,143
0.4,120
1.1,130
2,138
10,110
2.2,99
0.6,104
4.6,106
8.6,114
4.37,112
1.9,131
2.7,69
4.37,92
0.15,116
1.2,129
0.5,105
2.2,94
2.7,102
0.66,129
6.2,112
0.01,115
4.37,123
0.9,93
0.79,108
1.7,106
28,110
0.2,169
0.86,110
1.4,108
2.7,118
1.2,113
9.7,51
0.83,112
0.84,56
28,47
1.3,104
15,133
2.8,131
2,101
17,108
1.1,119
1.1,96
18,77
0.05,112
2.4,112
55,43
14,114
16,68
4.37,106
1.1,115
0.3,116
0.6,106
3.2,139
0.83,108
1.7,145
0.94,119
4.37,110
2.1,115
0.08,142
0.035,179
2.5,108
0.02,124
1.4,109
0.02,110
10,71
0.03,224
0.16,220
3.7,95
4.37,110
1.2,108
0.87,110
6.7,89
1.7,93
0.02,164
0.3,93
1.9,95
2.7,93
0.74,110
5.4,82
7.6,118
1,110
0.015,362
0.065,136
0.29,116
0.08,121
2.6,76
0.1,140
1.6,134
2,118
4.37,115
1,124
0.37,182
0.005,133
8,108
1.5,91
1.8,142
3.2,125
3.9,115
1.7,102
2.6,111
2.6,92
0.005,122
1.6,138
2.9,94
0.25,130
0.005,136
0.05,141
2.1,122
2.1,83
0.7,107
3.1,75
0.1,80
3.5,115
1.6,123
1.6,141
4.37,83
4.37,110
0.045,157
0.9,93
0.1,127
4.37,102
0.02,110
0.15,134
11,116
0.1,66
1,105
1.2,114
2.3,132
0.4,149
0.76,118
4.37,155
1,91
0.48,105
0.5,108
4.5,161
11,101
0.61,127
4.37,110
3.5,101
2.2,99
0.025,170
1.4,117
4.37,88
0.6,88
0.04,100
1.8,110
44,57
2.9,88
0.035,110
1.4,102
7.9,97
1.9,99
1,105
1.7,112
11,58
0.3,76
2.1,140
0.7,96
1.1,115
2.2,111
3.7,62
2.2,113
0.005,99
4.37,110
0.3,101
2,129
0.065,151
0.015,312
1,119
2.5,118
2.6,157
1.7,93
15,76
5,63
2.2,87
7.2,92
4.37,110
0.2,134
2.8,98
1.4,97
0.89,105
1.8,69
0.8,116
1.7,130
2.5,88
0.4,112
1.4,107
1.3,137
12,51
0.8,101
0.4,128
2.7,110
0.07,124
2.4,134
4.37,110
0.93,129
1.1,90
1.3,93
2.8,139
3.7,93
4.4,97
2.3,88
0.97,89
1.1,108
1.6,125
0.25,126
3,98
0.12,164
1.6,82
2.4,102
1.2,114
6.4,65
0.75,130
2.1,110
1.5,133
4.37,128
0.15,118
25,68
0.045,147
0.3,62
4.37,110
1.8,110
1.3,90
0.015,158
0.2,131
2.5,92
0.2,137
1,101
33,110
0.02,281
0.05,165
12,97
0.15,95
0.2,110
1.3,111
0.25,114
4.37,110
4.37,120
0.59,124
1.1,113
0.85,111
1.3,123
1.9,121
0.015,207
2.1,99
0.2,106
0.04,216
4.37,110
0.065,214
0.25,121
2,137
0.035,90
0.7,62
2.2,110
0.2,145
1.3,106
1.2,115
4.37,110
1.4,110
7.1,108
4.37,110
2.2,81
0.73,152
2,103
199,10
2.8,78
0.2,98
2.7,131
2,145
0.73,131
1,147
0.8,119
19,125
1.9,127
14,90
24,102
0.005,251
1,66
3,86
0.2,112
0.07,61
15,66
8.2,110
4.37,102
188,53
0.2,154
4.37,103
0.22,194
1,46
0.1,91
0.3,105
11,110
98,7
1.9,91
0.04,148
4.37,110
22,64
0.08,158
1.1,108
0.12,129
1.5,153
0.2,96
0.005,147
1.6,116
6.6,85
1.3,105
1,102
1,98
1.7,106
0.66,128
4.37,110
5.1,98
0.3,110
0.01,169
0.2,118
2.3,77
1.1,93
1.7,103
1.9,135
0.06,97
2,111
1.2,77
0.42,82
1.2,127
0.61,114
4.37,110
0.065,190
0.89,42
2.5,72
0.09,147
0.92,108
1.4,134
0.05,134
4.37,68
0.9,125
4.37,110
1.4,122
1,83
1.6,70
1.2,103
4.37,110
0.02,216
4.37,110
3.3,103
1.3,123
0.005,89
1.4,99
3.8,101
0.05,174
7.6,113
0.15,88
0.15,88
4.37,110
5.2,69
1.1,105
1.2,95
35,41
0.9,113
0.89,110
4,122
2.7,112
4.37,82
0.78,152
0.2,136
0.01,140
1.3,90
0.9,100
8.2,70
0.6,121
0.15,395
0.3,83
0.3,76
0.63,132
3,112
1.7,107
4.5,107
0.1,125
0.2,97
0.05,105
0.8,68
2.3,78
4.37,110
3.1,93
1.4,76
0.05,97
0.1,125
2.5,147
4.1,108
1.9,85
6.6,110
4.37,110
2.1,95
12,125
1.5,93
0.52,134
0.4,89
2.4,109
2.9,100
0.01,185
0.74,97
1.1,111
0.3,93
5.2,85
6.1,97
0.06,94
0.5,160
3,85
0.4,113
3.3,100
0.25,133
7.1,88
11,130
0.6,86
4.37,98
0.04,90
1.4,117
60,13
2.6,149
4.37,110
1.1,110
0.43,109
2.4,110
2.5,106
5,78
1.7,96
0.87,105
55,14
5.6,101
0.1,171
2.9,98
1.3,98
0.16,123
0.9,85
0.88,97
2.5,83
4.37,110
2.3,117
2.2,90
6.9,93
2.4,112
0.3,115
1.6,107
2.4,109
0.3,93
22,73
4.37,110
4.37,110
0.2,106
2,153
0.84,97
3.6,110
3.1,201
4.37,124
1.7,140
4.37,110
3.2,116
5.9,111
2.3,151
1,138
29,48
1.3,126
0.38,102
1.3,113
0.4,105
1.3,97
2.6,73
2.5,108
5.4,103
0.02,121
2,125
0.3,115
2.4,117
4.37,110
2,173
2.3,110
1.9,96
13,103
2,95
0.9,104
0.42,79
4.9,79
4.37,110
0.05,126
1,96
1.4,109
4.3,125
0.015,171
0.41,127
7.2,104
6.2,101
9.9,118
0.035,115
1.9,112
6.7,110
2.9,92
0.6,117
2.1,167
1,121
2.3,102
2.2,131
0.005,158
1.6,88
4.37,110
11,96
3.6,118
6,94
1.6,105
1.5,111
5.6,82
4.37,132
2.6,101
0.025,119
3.2,131
2.1,130
2.9,136
1.3,112
7.5,84
1.7,122
2,91
2.6,98
0.76,124
0.92,125
0.1,126
1.4,102
2.7,110
34,47
2.3,103
10,102
2.3,91
0.2,132
1.4,114
2.5,119
0.005,188
0.75,95
6.5,76
0.005,163
0.33,101
1.6,101
4.37,110
1.5,149
0.7,103
0.01,161
1.7,150
0.1,102
1.7,123
0.7,84
0.02,71
1.3,127
2.1,131
0.2,67
1.6,97
4.37,110
0.72,111
0.52,134
1.6,112
4.37,110
1.7,102
0.25,100
1.3,100
5.1,95
0.9,109
9.7,76
0.93,115
0.1,96
4.7,112
2.8,110
2.4,90
2.8,128
3,107
2.2,119
103,56
1.1,107
1.3,132
3.5,98
4.37,92
4.37,91
0.02,148
0.41,125
4.37,110
0.45,114
9.4,87
0.03,169
3.3,110
4.37,110
0.95,94
3.5,132
0.6,110
2.1,114
4.37,106
2.1,105
2.5,98
0.14,110
0.01,235
4.37,110
12,94
0.7,103
0.97,117
0.5,119
0.2,107
1.5,107
1.4,116
0.005,120
3.8,58
1.3,110
0.5,93
0.65,129
6.9,112
0.6,114
0.02,186
4.9,109
1.6,102
0.9,84
1.5,113
2.3,172
1.9,90

